3,2
3,1
3,3
10,204
10,272
10,292
10,32
10,82
10,310
94,4
10,18
94,3
10,264
10,3
94,2
94,1
94,0
92,3
92,2
92,1
92,0
89,3
11,8
89,2
11,3
89,1
89,0
77,5
77,4
77,3
77,2
77,1
77,0
75,5
75,4
75,3
9,4
9,6
75,2
75,1
75,0
73,3
73,2
73,1
73,0
72,3
8,4
8,6
72,2
72,1
72,0
67,5
67,4
67,3
8,9
8,16
8,2
8,3
67,2
67,1
67,0
65,5
65,4
65,3
65,2
65,1
65,0
46,4
46,3
46,2
46,1
46,0
45,5
45,4
45,3
45,2
45,1
45,0
44,4
44,3
44,2
44,1
42,5
42,3
42,1
33,4
33,3
33,2
33,1
28,5
28,3
28,1
25,3
25,1
20,3
20,2
20,1
14,4
14,2
14,0
12,3
12,2
12,1
11,29
11,28
11,27
11,26
11,25
19,2
19,1
11,23
11,21
19,3
11,20
11,18
11,17
11,16
11,13
11,1
